{
 "cells": [
  {
   "cell_type": "code",
   "execution_count": 1,
   "metadata": {},
   "outputs": [],
   "source": [
    "import torch"
   ]
  },
  {
   "cell_type": "code",
   "execution_count": 2,
   "metadata": {},
   "outputs": [],
   "source": [
    "inputs = torch.tensor(\n",
    "  [[0.43, 0.15, 0.89],  # Your      (x^1)\n",
    "   [0.55, 0.87, 0.66],  # journey   (x^2)\n",
    "[0.57, 0.85, 0.64],     # starts    (x^3)\n",
    "[0.22, 0.58, 0.33],     # with      (x^4)\n",
    "[0.77, 0.25, 0.10],     # one       (x^5)\n",
    "[0.05, 0.80, 0.55]]     # step      (x^6)\n",
    ")"
   ]
  },
  {
   "cell_type": "code",
   "execution_count": 11,
   "metadata": {},
   "outputs": [
    {
     "name": "stdout",
     "output_type": "stream",
     "text": [
      "tensor([[0.9995, 0.9544, 0.9422, 0.4753, 0.4576, 0.6310],\n",
      "        [0.9544, 1.4950, 1.4754, 0.8434, 0.7070, 1.0865],\n",
      "        [0.9422, 1.4754, 1.4570, 0.8296, 0.7154, 1.0605],\n",
      "        [0.4753, 0.8434, 0.8296, 0.4937, 0.3474, 0.6565],\n",
      "        [0.4576, 0.7070, 0.7154, 0.3474, 0.6654, 0.2935],\n",
      "        [0.6310, 1.0865, 1.0605, 0.6565, 0.2935, 0.9450]])\n"
     ]
    }
   ],
   "source": [
    "attn_scores = inputs @ inputs.T\n",
    "print(attn_scores)"
   ]
  },
  {
   "cell_type": "code",
   "execution_count": 13,
   "metadata": {},
   "outputs": [
    {
     "name": "stdout",
     "output_type": "stream",
     "text": [
      "25\n"
     ]
    }
   ],
   "source": [
    "x = [1, 2, 3]\n",
    "y = [2, 4, 5]\n",
    "\n",
    "result = 0\n",
    "for i in range(len(x)):\n",
    "    result += x[i] * y[i]\n",
    "\n",
    "print(result)"
   ]
  },
  {
   "cell_type": "code",
   "execution_count": 20,
   "metadata": {},
   "outputs": [
    {
     "name": "stdout",
     "output_type": "stream",
     "text": [
      "25\n"
     ]
    }
   ],
   "source": [
    "x = torch.tensor([1, 2, 3])\n",
    "y = torch.tensor([2, 4, 5])\n",
    "\n",
    "result2 = torch.dot(x, y)\n",
    "print(result2.item())"
   ]
  }
 ],
 "metadata": {
  "kernelspec": {
   "display_name": "first_llm",
   "language": "python",
   "name": "python3"
  },
  "language_info": {
   "codemirror_mode": {
    "name": "ipython",
    "version": 3
   },
   "file_extension": ".py",
   "mimetype": "text/x-python",
   "name": "python",
   "nbconvert_exporter": "python",
   "pygments_lexer": "ipython3",
   "version": "3.13.0"
  }
 },
 "nbformat": 4,
 "nbformat_minor": 2
}
